Version 0.9.7
5
 4 10 175 77 128 0 1
 5 80 400 206 81 2 2
 0 110 110 877 276 8 3
 1 128 404 206 81 140 4
 3 357 412 203 58 150 5
 0
20
 16711680 5 143 473 143 472 2 472 2 249 71 249 71 249 0 4 0 1
 16711680 5 143 415 143 415 9 415 9 189 71 189 71 189 0 4 0 1
 65408 5 71 202 71 202 71 204 99 204 99 215 137 215 0 1 0 3
 65408 5 71 288 71 288 71 510 368 510 368 449 368 449 0 1 0 5
 12632256 5 71 262 71 262 71 255 215 255 215 280 215 280 0 1 0 3
 8454016 5 184 415 184 415 151 415 151 319 150 319 150 319 0 4 0 3
 8454016 5 203 415 203 415 163 415 163 415 163 319 163 319 0 4 0 3
 8454016 5 163 306 163 306 163 339 202 339 202 306 202 306 0 3 0 3
 8454016 5 163 293 163 293 163 336 189 336 189 293 189 293 0 3 0 3
 8454016 5 137 319 137 319 137 343 332 343 332 319 332 319 0 3 0 3
 8454016 5 176 319 176 319 176 345 293 345 293 319 293 319 0 3 0 3
 8454016 5 150 306 150 306 180 306 180 215 176 215 176 215 0 3 0 3
 8454016 5 176 202 176 202 176 202 163 202 163 202 163 202 0 3 0 3
 8454016 5 150 215 150 215 150 233 282 233 282 319 280 319 0 3 0 3
 8454016 5 267 319 267 319 267 343 319 343 319 319 319 319 0 3 0 3
 8454016 5 267 176 267 176 267 176 137 176 137 176 137 176 0 3 0 3
 8454016 5 215 293 215 293 215 293 345 293 345 293 345 293 0 3 0 3
 8454016 5 306 319 306 319 306 319 306 215 306 215 306 215 0 3 0 3
 8454016 5 293 215 293 215 293 189 293 189 306 189 306 189 0 3 0 3
 8454016 5 280 215 280 215 280 215 403 215 403 456 403 456 0 3 0 5
2
 7002 1 14 131 228 5 0 1871165936 0 3
 7002 1 14 261 228 5 0 0 8583448 3
