Version 0.9.7
5
 4 10 175 77 128 0 1
 5 80 400 206 81 2 2
 0 110 110 877 276 8 3
 1 210 511 206 81 140 6
 3 191 18 203 58 150 7
 0
21
 255 5 71 189 71 189 104 189 104 137 163 137 163 137 0 1 0 3
 64 5 71 288 71 288 71 358 71 358 163 358 163 358 0 1 0 3
 255 5 267 137 267 137 267 137 267 215 267 215 267 215 0 3 0 3
 255 5 189 137 189 137 189 522 189 522 225 522 225 522 0 3 0 6
 128 5 202 55 202 55 202 358 202 358 241 358 241 358 0 7 0 3
 64 5 176 358 176 358 176 580 176 580 225 580 225 580 0 3 0 6
 64 5 345 280 345 280 346 280 346 358 345 358 345 358 0 3 0 3
 8421631 5 267 280 267 280 267 522 267 522 266 522 266 522 0 3 0 6
 8421631 5 280 280 280 280 280 522 280 522 285 522 285 522 0 3 0 6
 65535 5 293 280 293 280 293 280 306 280 306 280 306 280 0 3 0 3
 65535 5 319 280 319 280 319 535 319 535 285 535 285 535 0 3 0 6
 65408 5 293 293 293 293 237 293 237 224 280 224 280 215 0 3 0 3
 65408 5 293 215 293 199 219 199 219 535 266 535 266 535 0 3 0 6
 12615680 5 332 280 372 280 372 192 319 192 319 215 319 215 0 3 0 3
 12615680 5 306 215 306 215 306 179 332 179 332 215 332 215 0 3 0 3
 8388863 5 345 215 345 215 345 215 527 215 527 215 527 215 0 3 0 3
 8388863 5 527 202 527 202 508 202 508 299 592 299 592 280 0 3 0 3
 8388863 5 605 280 605 280 605 288 527 288 527 228 527 228 0 3 0 3
 8388863 5 618 280 618 280 619 280 619 62 377 62 377 62 0 3 0 7
 255 5 592 215 592 215 592 215 592 137 592 137 592 137 0 3 0 3
 128 5 670 280 670 280 670 280 670 358 670 358 670 358 0 3 0 3
2
 7000 1 14 261 228 5 0 0 2896 3
 7000 1 14 586 228 5 0 0 2896 3
