Version 0.9.7
5
 4 10 175 77 128 0 1
 5 80 400 206 81 2 2
 0 110 110 877 276 8 3
 1 243 409 206 81 140 4
 3 563 427 203 58 150 5
 0
20
 255 5 71 189 71 189 71 137 71 137 163 137 163 137 0 1 0 3
 4210816 5 71 288 71 288 71 358 71 358 163 358 163 358 0 1 0 3
 4210816 5 358 280 358 280 358 280 358 358 358 358 358 358 0 3 0 3
 4210816 5 475 280 475 280 475 280 475 358 475 358 475 358 0 3 0 3
 255 5 280 215 280 215 278 215 278 137 280 137 280 137 0 3 0 3
 255 5 397 215 397 215 397 215 397 137 397 137 397 137 0 3 0 3
 4259584 5 299 420 299 420 213 420 213 271 293 271 293 280 0 4 0 3
 4259584 5 299 433 299 433 196 433 196 280 306 280 306 280 0 4 0 3
 16776960 5 332 280 332 280 332 420 332 420 318 420 318 420 0 3 0 4
 16776960 5 345 280 345 280 345 433 345 433 318 433 318 433 0 3 0 4
 12615680 5 306 215 306 215 306 215 306 446 299 446 299 446 0 3 0 4
 12615680 5 319 215 319 215 314 215 314 446 318 446 318 446 0 3 0 4
 12615680 5 280 280 280 280 280 244 348 244 348 215 345 215 0 3 0 3
 12615680 5 319 280 319 280 319 267 358 267 358 215 358 215 0 3 0 3
 12615680 5 332 202 332 202 332 95 410 95 410 280 410 280 0 3 0 3
 12615680 5 293 215 293 215 293 84 423 84 423 280 423 280 0 3 0 3
 12615680 5 397 280 397 280 397 397 609 397 609 471 609 471 0 3 0 5
 12615680 5 258 420 258 420 258 215 258 215 71 215 71 215 0 4 0 1
 12615680 5 258 478 258 478 71 478 71 478 71 275 71 275 0 4 0 1
 12615680 5 574 464 574 464 71 464 71 464 71 262 71 262 0 5 0 1
2
 7002 1 14 274 228 5 0 0 8583448 3
 7002 1 14 391 228 5 0 0 8583448 3
