Version 0.9.7
5
 4 10 175 77 128 0 1
 5 80 400 206 81 2 2
 0 110 110 877 276 8 3
 1 128 404 206 81 140 4
 3 357 412 203 58 150 5
 0
14
 16711680 5 143 473 143 472 2 472 2 249 71 249 71 249 0 4 0 1
 16711680 5 143 415 143 415 9 415 9 189 71 189 71 189 0 4 0 1
 255 5 184 415 184 415 184 398 137 398 137 319 137 319 0 4 0 3
 65408 5 203 415 203 415 203 390 150 390 150 319 150 319 0 4 0 3
 65408 5 71 202 71 202 71 204 99 204 99 215 137 215 0 1 0 3
 65408 5 71 262 71 262 71 262 215 262 215 280 215 280 0 1 0 3
 65408 5 71 288 71 288 71 510 368 510 368 449 368 449 0 1 0 5
 4194432 5 163 319 163 319 163 319 176 319 176 319 176 319 0 3 0 3
 4194432 5 163 306 163 306 154 306 154 215 150 215 150 215 0 3 0 3
 8388863 5 163 215 163 209 119 209 119 428 184 428 184 428 0 3 0 4
 8388863 5 176 215 176 215 176 215 189 215 189 215 189 215 0 3 0 3
 8388863 5 189 319 189 319 190 319 190 428 203 428 203 428 0 3 0 4
 8388863 5 202 319 202 319 202 319 202 215 202 215 202 215 0 3 0 3
 12632256 5 215 215 215 215 343 215 343 456 403 456 403 456 0 3 0 5
1
 7000 1 14 131 228 5 0 0 8583448 3
